1111111111111111111111111111111111111111
0000000000000000000000000000000000000000
0010000000000000000000100000000000000000
0000000000000001000000000000000000010000
0000000000000000000000000000000000000000
0000000000000000000000000000000000000000
0000000000000000111100000000000000001111
0000000000000000000000000000000000000000
1111111011111111111111111111111111111111
0000000011111111111111111111111111111111
0000000010000000000000000000000000000000
1000000010001111111111111111111111011111
0000000010001111111100000000000000011111
0000000010001111111100000000000011111111
1000000010001111111111100000000011111111
0000000010001111111100000000000011111111
0000000010001111111100000000001111111111
0000000110001111111100000000000011111111
0000000000001111111100000000000011111111
1111111111111111111111111111100111111111
1111111111111111111111111111110111111111
0000000000000000000000000000000000000000
0010000000000000000000100000000000000000
0000000000000001000000000000000000010000
0000000000000000000000000000000000000000
0000000000000000000000000000000000000000
0000000000000000111100000000000000001111
0000000000000000000000000000000000000000
1111111111100000000011111111111000000000
0000000000111110000000000000001111100000
0000000000000000000000000000000000000000
0000000000001111111100000000000011111111
0000000000001111111100000000000011111111
0000000000001111111100000000000011111111
1110000000001111111111100000000011111111
0000000000001111111100000000000011111111
0000000000001111111100000000000011111111
0000000000001111111100000000000011111111
0000000000001111111100000000000011111111
1111111111111111111111111111111111111111
